Scenario;density;MC_true;O2_bias;O2_sd;Hybrid_bias;Hybrid_sd;Boot_bias;Boot_sd
L1;Density 1;381,0620186016690;-7,288743238753108;114,86049483954164;8,9238946564139709;653,84212547105733;9,1724924891620105;4327,98951673768079
L1;Density 2;382,6645376407780;49,829780201071507;147,73464226817089;16,7659429046474919;474,20862045250016;15,4461376143787028;760,33994924051171
L1;Density 3;383,5028148078000;18,436539939349522;106,84893363423869;29,8016912457917797;683,86589861339417;27,4487113650319152;12584,36988816745543
L1;Density 4;381,0902878354790;3,924500137827643;105,20111640972810;18,8740088670364585;673,65469590862369;18,4234256954557516;1602,98441195734426
L2;Density 1;744,1178295767480;-3,374485056385738;214,83518356919555;4,3583137113817756;78,68791337281077;2,1310286017885800;70,44668766829425
L2;Density 2;751,4728438544000;135,120134892358038;313,26149207033126;35,5780065703359156;129,25591698806497;35,7727112581586866;124,23838477403083
L2;Density 3;775,1079587359150;67,898495353729160;243,08093472642895;45,4346277257608833;176,24360165520375;45,8342933082601576;183,87565031705299
L2;Density 4;743,8648604071940;43,681519074462166;261,74694419521194;18,3258339714950189;171,95321030500381;13,9440379471949232;177,51572178488718
L3;Density 1;1177,3757430896901;-10,058726237773588;289,67348630474061;9,6133829872384453;79,71583921467870;0,1112640907771311;67,52251766736784
L3;Density 2;1201,4610643262799;245,949965125054831;636,72941941054978;73,1995474900205494;232,12755918838775;71,6247495917461379;229,75403212534815
L3;Density 3;1304,8358623038500;139,567202317173582;516,37328036724273;88,5773399346507375;425,89780287011928;88,0713923379280743;438,38509009210225
L3;Density 4;1176,7243325802899;105,164700745482719;422,04748935020183;42,8835049401555111;302,14264303547372;39,0043311314033616;322,67516396721390
L4;Density 1;123,2192162250460;3,182449025433324;28,96234772357174;6,3607064313017894;57,36430756175480;4,5607657382195912;216,88401969508536
L4;Density 2;123,3106401248550;3,808298988687833;28,71182058762632;4,4663830098051394;249,40557509173246;5,9105720577529812;359,79575637975165
L4;Density 3;123,3143114694230;0,153335906136523;32,20037032733263;6,3531434230824262;155,08033617013163;6,5925338415963211;178,46990759024715
L4;Density 4;123,2739297810740;-2,652602360567335;31,84538495594535;6,8220229080753159;250,88522931293923;6,1382907865189749;347,21274426034796
L5;Density 1;243,1875927482460;-3,037202509487464;41,98038315868532;-1,0574378421354016;20,20106820517911;-0,3432276374258066;20,71035197330342
L5;Density 2;243,3805105414780;6,194433555995650;42,79681185512402;2,8283366571760791;23,36443744703332;4,0976143255500741;22,99375748869619
L5;Density 3;244,1798882397090;-3,065385613872679;49,54233859637300;3,7681982880355060;25,95443967972981;5,1635988481123452;25,39786147191380
L5;Density 4;243,2686302558760;-1,877750206298757;49,43497014656989;3,3191710257317588;21,06048599258953;3,3977760367486614;21,02420897657536
L6;Density 1;386,3256323976190;-0,290262567434125;63,14290723737817;-0,3334286725772859;21,49921615924083;-0,4684925028881498;23,24068299691989
L6;Density 2;387,6448127841850;19,440721611851547;61,58536525424127;10,7440912782382298;25,37005644551233;11,7878604915816823;27,27395147246997
L6;Density 3;391,3361794811480;3,202160415645843;68,81123209391680;8,4236363285300104;29,75230616184841;9,2303455557429661;31,79186635762321
L6;Density 4;386,6516148408050;1,115380128290751;72,18251825834939;2,9764202105226523;20,66611920018500;3,3859077248977290;24,73681302629879
L7;Density 1;73,2375166390297;3,477910540827792;17,58160208509297;1,8502174375053220;13,22459075779816;0,5546186516089373;11,97339481367998
L7;Density 2;73,2366478869988;3,319706641111415;15,41016825201216;6,2101241483576484;139,24450828640659;4,3492091922500666;186,68617915201463
L7;Density 3;73,2942063443299;-2,192830997207152;15,75185868259722;3,7122196125063573;13,47174691435630;5,3060444996931837;13,23732171222861
L7;Density 4;73,2413670141647;-1,149606127023241;15,59836765737793;0,7854326846655909;36,90896227489647;1,8334855324809143;49,13174429649602
L8;Density 1;144,0834843393910;3,846364992256691;22,78612581400702;2,4326315418237394;11,44844145724214;1,7225468678253908;11,32388237218463
L8;Density 2;144,0968325542110;5,236960238508885;21,81786531492296;0,2811951794743028;11,71966736821740;1,0630727286950459;12,13501382480811
L8;Density 3;144,2837195932390;0,803875298699161;20,85573753651212;2,5544302139880424;11,68931314551341;2,7578662425127716;12,53850692444334
L8;Density 4;144,1124755212400;0,362502169019096;22,14927623687035;1,2638736968526367;11,46860215063596;1,2365791543732239;11,69506018946426
L9;Density 1;229,0963909915370;1,591781160385488;31,94427690484086;1,2814795627406319;11,52886692646024;1,0388412981344222;11,80208724280273
L9;Density 2;229,2504733779350;6,149520986935460;29,91103501170435;4,7707937285306841;12,43040061773080;3,9323364031431702;13,99493920710589
L9;Density 3;230,0910287438600;3,271640643206230;41,72754571866157;3,4119710795475773;12,03153391163554;4,5743123860306243;15,55305071559913
L9;Density 4;229,0965795525970;0,991688412536212;32,66843687240751;1,6490831158657768;12,91277102146425;1,0170641070923669;14,75471708967932
L10;Density 1;35,4992819881882;7,090117920294579;7,75467660302630;5,2933288149128810;6,95425762655859;4,1665958753976415;6,51915184311774
L10;Density 2;35,4975527230102;6,255559558206805;7,95162038002451;5,1524370864316893;28,40300980185163;7,8174440102913119;50,21954908576981
L10;Density 3;35,5057367748795;9,963869655909692;6,88280195449171;4,4206740248210279;6,17750244665902;4,7825547990601969;6,00592540821571
L10;Density 4;35,5087769246657;8,132905533331359;6,91769874022213;2,0615277352104782;18,81744485363462;4,3534511526199235;22,74304494184329
L11;Density 1;69,7506128576236;8,201640748547250;8,62959853415792;0,0176731824751958;6,03427101978428;-0,0996819063858581;6,33735137694154
L11;Density 2;69,7366564656626;6,857172199291305;8,36462564256331;1,6883897104572825;6,00485564586258;2,5792630785175596;6,36355366311037
L11;Density 3;69,7843899073421;3,842120427813191;10,77148874384475;1,8645021325031714;5,72371730540716;1,6729693975616486;6,07694909527391
L11;Density 4;69,7382313894290;5,403294798299708;9,90497411773629;2,7431931907494178;5,73465861289635;2,1384222083087541;5,99448292068566
L12;Density 1;109,9799768641550;5,418252894526432;12,09946338355588;0,2255657323421195;5,45454486664987;0,2535062211302765;6,58992725267100
L12;Density 2;110,0117402778240;5,436848126830732;12,62901002887679;2,3174527912987433;6,68411171673586;2,5093301589999664;7,41298992664083
L12;Density 3;110,1081976011530;5,794360525686066;13,83618361010176;0,3685902972984617;5,91756760550037;0,5315943413949834;6,40328418130850
L12;Density 4;110,0128069992610;5,464963742754640;12,84980792663606;0,9087513201808077;5,85939490980704;0,6700680602700325;6,00568326872898
