Scenario;density;MC_true;P4_bias;P4_sd;Hybrid_bias;Hybrid_sd;Boot_bias;Boot_sd
P1;Density 1;1578,964475841240;-6,809658002376043;378,9147362213554;NA;NA;NA;NA
P1;Density 2;1882,746932142530;-15,721403076814724;558,3523696738027;NA;NA;NA;NA
P1;Density 3;1630,454708790340;-2,120093633483495;434,7970852756595;NA;NA;NA;NA
P1;Density 4;1583,713057159700;19,067793692861191;705,2922466337071;NA;NA;NA;NA
P2;Density 1;2875,572485235300;-9,389803663249232;805,7390665189890;NA;NA;NA;NA
P2;Density 2;4615,124570704860;-21,388543900181389;967,8116118805273;NA;NA;NA;NA
P2;Density 3;3147,244151264200;7,898541536873473;817,5676972114408;NA;NA;NA;NA
P2;Density 4;2886,283878787680;76,623916095060025;1198,9576487113475;NA;NA;NA;NA
P3;Density 1;4021,034114217240;-8,282119025909454;682,3355219352798;NA;NA;NA;NA
P3;Density 2;7977,743707539060;-21,305393725251111;1573,7899673526260;NA;NA;NA;NA
P3;Density 3;4680,276938762470;10,071164928264299;1149,1989576347380;NA;NA;NA;NA
P3;Density 4;4050,932985721560;98,243158856047714;1793,7203144895884;NA;NA;NA;NA
P4;Density 1;710,717862003934;3,928143493838760;169,7098048431431;NA;NA;NA;NA
P4;Density 2;769,036536904356;-10,501882946768127;202,8853491243112;NA;NA;NA;NA
P4;Density 3;720,547517632035;3,287747779797152;183,6360887301139;NA;NA;NA;NA
P4;Density 4;711,526995795002;5,618008772446916;212,5223374633865;NA;NA;NA;NA
P5;Density 1;1546,270647539530;-4,702517331133853;269,4912983862342;NA;NA;NA;NA
P5;Density 2;2160,843470368690;-21,861202377414717;334,2848111057054;NA;NA;NA;NA
P5;Density 3;1633,548704824350;-0,270922612897513;276,2247720051309;NA;NA;NA;NA
P5;Density 4;1550,404255015250;19,808905191627112;340,0461808846942;NA;NA;NA;NA
P6;Density 1;2256,041895180420;-6,935426705147842;323,1702104941082;NA;NA;NA;NA
P6;Density 2;3839,481222452730;-30,179420196935947;328,4334718549121;NA;NA;NA;NA
P6;Density 3;2495,585559334620;-4,589211018021606;377,5409884108574;NA;NA;NA;NA
P6;Density 4;2266,586917868080;33,403780798531564;451,6493938561979;NA;NA;NA;NA
P7;Density 1;487,683483039083;-4,093165754004914;127,7530711375438;0,616089853022639;74,4875419937691;3,871267784761575;85,1737945815955
P7;Density 2;514,077951266268;-6,294635046173982;112,8770504971601;-1,117900568978364;1143,3375526508971;3,179685142460258;2649,6729069024645
P7;Density 3;492,322554403879;-3,125485693643960;113,4197753660273;2,870668259271937;83,1466812589138;2,808314849676693;78,6097883175528
P7;Density 4;488,029939441920;0,532280107350554;115,2763542970104;9,119668793511664;110,0302576267078;5,096848512639588;109,8692703060196
P8;Density 1;939,578915296566;-2,324358629470754;140,1778459429074;16,001360331225872;113,4300803634671;1,463460265924122;77,3847961888293
P8;Density 2;1142,742808013350;-16,475300795634606;138,7066288581651;4,935284230317512;158,4663630521728;3,967019391058561;143,0672335217891
P8;Density 3;970,872122235626;-3,083274676149903;148,9502538986946;29,809121578002095;127,8340795339209;11,052022868161082;109,9797706576977
P8;Density 4;941,418299512954;2,821331842873349;165,6319232448281;25,871578509645488;158,0651134075816;13,667629163389568;119,8760506394458
P9;Density 1;1517,096471334890;-4,531779277744588;159,3633034173862;39,650619721226185;162,9596942388884;1,060390189638339;126,2574258040934
P9;Density 2;2239,955125089950;-27,692858048079717;201,7377976165696;15,589311506267439;240,9673347056475;6,468013461408508;197,3388163345617
P9;Density 3;1635,037125040550;-8,710233354616330;188,7685534688232;63,947462204068998;269,8261284611981;25,400413767267459;181,4647385083281
P9;Density 4;1522,867874294220;15,059201292716477;224,6510795159109;60,407203949098729;236,1572443667389;25,814277120110248;147,6604109051027
P10;Density 1;299,153321188438;4,888390067046310;62,5102511348200;0,247398921349969;60,4816735148545;0,653291816958793;60,7007448655430
P10;Density 2;309,883749542582;-8,545778627726680;67,0270805472484;-0,950702609945578;348,9011411762307;4,198797988735451;5109,5680236606631
P10;Density 3;301,183390748800;-6,402641207087513;78,2253549724213;-4,382727985308138;86,8390976609449;-3,728050403232466;367,2948298549890
P10;Density 4;299,521007843618;-1,466237873195758;71,8061234435088;0,927955300086966;305,4167908464396;6,573210027883563;2703,8056798171692
P11;Density 1;553,167837379769;-2,244863435594254;69,6848704006049;2,518545943997532;65,6658997033390;-1,159678870453908;61,6345759185581
P11;Density 2;625,679346879585;-14,534984275127085;76,5834770748361;4,749166942699729;89,1249299975368;5,209333904924542;85,2839424114352
P11;Density 3;563,874582256042;-3,132681973669724;71,1387336965956;13,425724094049297;76,3156432416547;9,995955977084378;67,8013002422324
P11;Density 4;553,406086462942;-0,514759852443877;76,8186073487954;11,446883852383429;83,6870646384535;6,950060727440634;68,1918144175479
P12;Density 1;898,314535166640;-5,385022874868396;82,6269577642069;14,584307392138074;90,1143593637348;0,495953313208693;61,6633443561117
P12;Density 2;1173,927234115050;-25,270334878425992;98,0300457001223;7,199433953348628;155,8657820517082;3,714665418236950;139,8759400695014
P12;Density 3;940,680006353069;-6,753587501397157;100,6745757113012;25,255954891161043;144,8003405226192;16,700022227081654;120,1726806262990
P12;Density 4;900,381990370276;2,930913594507442;96,9138778918045;27,750536999030899;109,6470476537830;19,157384761445869;93,5426677289293
